
# From daily press releases at <https://www.berlin.de/sen/gpg/>
# Now somewhat obselete as Berlin has made available
# <https://berlin.de/corona/fallstatistik/>

# Date(1)  | doy | n_Berlin |  delta | ChWi  | FrKr | Li  |  MaHel | Mitte | Neuk | Pankow | Rei | Spa | StZe | TeSch | TrKö | Fatalities | Source
2020-03-01   61    1           1        0       0    0       1       0      0        0        0     0   0        0     pressemitteilung.901388.php
2020-03-02   62    3           2        0       0    1       2       0      0        0        0     0   0        0     pressemitteilung.901873.php
2020-03-03   63    6           3        0       0    1       3       1      0        0        0     0   1        0     pressemitteilung.902522.php         
2020-03-04   64    9           3        0       2    1       3       1      1        0        0     0   1        0     pressemitteilung.903098.php
2020-03-05   65    13          4        2       2    1       3       2      1        1        1     0   0        0     pressemitteilung.903534.php
2020-03-06   66    19          6        4       2    1       3       2      1        2        3     0   0          1     0     pressemitteilung.904097.php
2020-03-07   67    28          9        5       2    1       3        6     2        3        3     0   0          3     0     pressemitteilung.904142.php
2020-03-08   68    40         12        11      3     1      3        7     2        4        3     0   2          4     0
2020-03-09   69    48          8        11      7     2      3        7     2        4        3     2   3           4    0
2020-03-10   70    58         10        15      10     2      4       7      3       5        3     2    3          4    0   # Problem here?
2020-03-11   71    81         23        15      12     5      3       8       5      8        3     6     6      7        3
2020-03-10   72   118	      37	23	14     6      3	      18      7	     13	      3	    6	  14	 8	  3	pressemitteilung.905946.php
2020-03-13   73   158	      40	31	14	6	3	20	10	15	11	8	20	16	4	pressemitteilung.906554.php
2020-03-14   74	  216	      58	47	22	8	4	29	16	26	11	9	20	17	7	pressemitteilung.90614.php
2020-03-15   75   263	      47	49	29	8	9	41	18	26	11	9	31	24   8	pressemitteilung.90614.php
2020-03-15   75	  283	      20	54	30	8	10	45	21	26	11	9	34	27   8	 pressemitteilung.906973.php
2020-03-16   76	  332	      49	54	33	12	11	51	21	41	13	11	40	31   14	 pressemitteilung.907568.php
2020-03-17   77	  383	      51	57	40	16	14	59	24	49	13	11	47	34   19	 pressmitteilung.908263.php
2020-03-18   78	  519        136        81	60	21	19	85	36	59	28	11	57	34	28	pressmitteilung.908928.php
2020-03-19   79   688	     169	91	81	25	21	114	58	73	34	16	70	70	35	pressmitteilung.909709.php
2020-03-20   80	  868	     180	121	94	35	26	132	77	85	58	23	70	95	52	pressmitteilung.910149.php
2020-03-21   81	  1025	     157	136	118	41	37	133	87	105	66	32	95	115	60	pressmitteilung.910229.php
2020-03-22   082  1071	     46		136	128	41	40	159	87	106	66	33	98	115	62	pressemitteilung.910269.php
2020-03-23   083  1219	     148	147	133	53	40	189	107	124	94	36	105	117	74	pressemitteilung.910780.php
2020-03-24   084  1425	     206	170	151	66	46	223	128	143	107	48	105	154	84	3 pressemitteilung.911446.php
2020-03-25   085  1645	     220	195	204	73	49	254	160	158	119	52	120	161	101	4 pressemitteilung.911935.php
2020-03-26   086  1937	     292	228	220	80	58	311	187	191	132	67	138	208	117	8 presse912475
2020-03-27   087  2152       216	278	233	90	68	331	213	225	133	74	147	231	129	8 presse913050
2020-03-28   088  2337       185	300	233	90	78	367	248	241	133	86	182	244	135	9 verstorben, 64 intensiv - presse913086
2020-03-29   089  2462	     125	302	262	90	80	398	248	252	143	90	197	257     143     11 pressesmitteilung.
2020-03-30   090  2581       119	302	270	109	82	410	265	263	172	97	206	257	148	13 pressemitteilung.913701.php
2020-03-31   091  2777	     196	318	286	118	88	445	277	279	186	99	236	292	153	15 pressemitteilung.914294.php
2020-04-01   092  2993	     216	374	297	123	95	479	313	286	198	108	260	298	162	17 pressemitteilung.914864.php
2020-04-02   093  3223	     230	407	326	135	105	497	337	319	208	117	282	321	169	20 pressemitteilung.915457.php
2020-04-03   094  3486	     263	451	343	142	109	501	377	358	234	126	300	362	183	22 pressemeitteilung.916085.php
2020-04-04   095  3626	     140	453	350	142	124	523	392	368	239	147	312	386	190	24 pressepitteilung.916248.php
2020-04-05   096  3687	     62		462	352	142	127	537	392	378	248	150	312	394	193	26 pressemitteilung.916463.php
2020-04-06   097  3862	     175	477	352	154	133	580	407	390	283	152	329	407	198	28 pressemitteilung.917304.php
2020-04-07   098  4038       176	500	360	158	142	597	426	409	300	165	348	424	209	32 pressemitteilung.917938.php
2020-04-08   099  4212	     174	535	366	158	148	617	444	419	325	172	366	440	222	37 pressemitteilung.918433.php
2020-04-09   100  4357	     145	545	372	171	155	640	465	427	344	176	377	456	229	42 pressemitteilung.919206.php
2020-04-10   101  4446	     89		557	487	171	163	656	470	442	344	176	385	460	235	46 	pressemitteilung.919237.php
2020-04-11   102  4553	     107	558	390	177	167	690	474	450	354	180	401	474	238	50	pressemitteilung.919248.php
2020-04-12   103  4583	     30		558	393	177	171	697	474	457	354	182	405	477	238	51	pressemitteilung.919278.php
2020-04-13   104  4667	     84		570	397	177	178	723	479	462	366	180	415	480	240	56	pressemitteilung.919386.php
2020-04-14   105  4736	     69		573	399	178	180	732	491	469	381	187	420	486	240	62	pressemitteilung.919926.php
2020-04-15   106  4870	     134	588	402	183	189	748	501	487	397	195	423	505	252	74	pressemiteeilung.920364.php
2020-04-16   107  4971	     101	601	413	191	193	765	520	499	407	200	424	505	253	84	pressemitteilung.921230.php
2020-04-17   108  5091	     120	608	415	194	204	783	532	528	412	210	435	514	256	91	pressemitteilung.922167.php
2020-04-18   109  5187	     96		615	423	195	212	792	546	542	416	215	439	525	267	92	presse.922211.php	
2020-04-19   110  5225	     38		615	425	196	216	798	546	546	419	215	445	536	268	94	pressemitteilung.922235.php
2020-04-20   111  5265	     40		620	427	198	221	803	555	551	419	219	445	538	269	97	presse923025.php
2020-04-21   112  5341	     76		630	428	202	232	807	572	560	424	220	448	544	274	105	presse923515.php
2020-04-22   113  5355	     14		630	436	202	238	807	572	560	424	220	448	544	274	105	presse924129.php
2020-04-23   114  5476	     121	646	441	204	250	823	585	574	434	220	456	560	283	112     pressemitteilung.924944.php
2020-04-24   115 	5532	56	646	446	208	262	826	585	583	436	227	459	566	288	113	pressemitteilung.925508.php	
2020-04-25   116	5607	75	654	451	212	267	826	612	593	436	228	461	576	291	123	pressemitteilung.925544.php
2020-04-26   117  5644	     37		659	452	219	268	835	612	594	441	229	463	576	296	125	https://www.berlin.de/sen/gpg/service/presse/2020/pressemitteilung.925578.php
2020-04-27   118  5677	     33		661	453	219	276	847	612	594	444	231	463	578	299	127	pressemitteilung.926136.php
2020-04-28   119  5738	     61		665	456	240	276	847	619	595	448	236	474	580	302	137	pressemitteilung.926694.php		
2020-04-29   120  5821	     83		672	460	241	289	861	632	600	451	236	485	587	307	147	https://www.berlin.de/sen/gpg/service/presse/2020/pressemitteilung.927214.php
2020-04-30   121  5881	     60		680	463	251	291	871	640	601	456	238	486	597	307	149	27844.php
2020-05-01   122  5936	     55		680	467	255	298	872	650	611	458	240	488	604	313	152  presse/2020/pressemitteilung.927927.php
2020-05-02   123  5970	     34		682	468	258	303	875	661	611	462	240	491	605	313	154	/sen/gpg/service/presse/2020/pressemitteilung.927951.php
2020-05-03   124  6004	     34		683	468	259	308	879	661	619	464	240	495	614	314	154	presse.927973.php
2020-05-04   125  6036	     32		687	469	259	312	882	661	621	467	245	501	613	319	154	pressemitteilung.928297.php
2020-05-05   126  6086	     50		691	470	267	319	888	662	629	470	248	505	618	319	159	pressemitteilung.928753.php
2020-05-06   127  6143	     57		696	477	270	327	899	671	633	473	250	505	621	321	162	pressemitteilung.929317.php
2020-05-07   128  6203	     60		703	481	270	329	905	673	640	476	252	514	631	329	163	pressemitteilung929932.php
2020-05-08   129  6236	     33		702	484	271	330	910	679	641	478	260	515	636	330	164	pressemitteilung929989.php
2020-05-09   130  6256	     20		708	484	273	330	910	681	645	478	260	515	640	332	165	presse930009.php
2020-05-10   131  6267	     11		708	484	273	332	912	681	646	480	261	515	643	332	165	presse930050.php
2020-05-11   132  6269	     2		708	484	273	333	912	681	646	479	261	516	643	333	165	presse930549.php
2020-05-12   133  6294	     24		709	488	273	334	915	686	650	480	262	517	646	334	170	presse931225.php
2020-05-13   134  6338	     44		720	489	273	336	920	699	654	482	262	520	648	335	173	presse931794.php
# 2020-05-14   135  6393	     55
# 2020-05-15   136  6424	     31
# 2020-05-16   137  6443       19
2020-05-17   138  6454	     11		726	497	282	341	933	712	660	488	290	526	659     340     180     pressemitteilung.934244.php
2020-05-18   139  6474	     20		726	499	282	342	935	712	666	489	293	528	660	342	182	pressemitteilung.935247.php
2020-05-19   140  6503	     29		726	503	282	344	942	716	673	491	294	528	661	343	186	pressemitteilung.936100.php
2020-05-20   141  6552	     49		727	511	282	350	952	717	684	493	294	535	663	344	186	p936611.php
2020-05-21   142  6582	     30		733	515	282	352	952	727	687	494	298	536	662	344	190	p936652.php
2020-05-22   143  6611	     29		738	517	286	352	953	731	697	495	298	536	664	344	190	p936928.php
2020-05-23   144  6636	     25		738	519	289	353	954	740	699	496	299	539	665	345	191	p936962.php
2020-05-24   145  6641	     5		740	519	290	353	954	740	669	496	300	539	666	345	191	p936988.php
# Berlin is at 177 Fälle / 100000 Einw. (cumulative incidence), says RKI today.
# Wikipedia says Berlin population is 3.77M 
#
# RKI Situationsbericht 2020-05-24.en.pdf says 7-day incidence is 4.8 (n=180)
# I get 187 for 7d to 2020-05-24, so 4.96 / 100000 /week, i.e. Grün.
#
2020-05-25  146	6651    10	740  	519     290	353     957	740	669	496	300	544	667	346  191 p937528.php
2020-05-26  147	6672	21	741	521	299	354	960	740	699	498	300	545	668	347  193 p938001.php
2020-05-27  148	6702	30	741	522	304	357	965	744	701	501	301	546	669	351  195 p938478.php
2020-05-28  149	6737	35	743	524	312	361	968	749	705	505	302	546	671	351	196
2020-05-29  150	6766	29	746	526	316	364	968	752	704	506	305	548	678	353	197
2020-05-30  151	6799	33	747	526	320	369	978	759	705	511	305	548	678	353	198
2020-05-31  152	6815	16	750	528	322	369	978	759	705	518	306	548	679	353	198
2020-06-01  153	6838	23	750	528	329	369	986	759	705	518	312	550	679	353  198 p939508.php
2020-06-02  154	6873	35	750	538	330	369	994	759	709	522	312	550	687	353  198 p940032.php
2020-06-03  155	6900	27	750	544	335	375	994	759	710	522	318	553	687	353  200 p940564.php
2020-06-04  156	6945	45	753	551	340	379	998	763	713	525	327	557	688	353  200
2020-06-05  157	6963	18	755	554	346	380	998	765	713	527	327	557	688	353  201 p941540.php
2020-06-06  158	6996	33	757	555	348	382	1005	773	715	527	333	557	691	353  205 p941638.php
2020-06-07  159	7015	19	757	558	349	382	1005	778	718	527	338	559	691	353  205 p941671.php
2020-06-08  160	7041	26	757	558	349	382	1011	783	720	530	340	561	691	359  205 p942095.php
2020-06-09  161	7081	40	760	448	351	383	1016	792	721	534	340	561	705	360  206 p942765.php
2020-06-10  162	7135	54	762	567	356	384	1025	796	724	535	354	562	710	360  208 p943354.php
2020-06-11  163	7164	29	765	567	357	390	1030	796	726	538	357	564	713	361  208 944016.php
2020-06-12  164	7251	87	776	567	359	394	1037	835	731	552	360	565	713	362  208 p944512.php
2020-06-13  165	7281	30	778	571	365	395	1037	835	731	555	365	568	719	362  208 p944542.php
2020-06-14  166	7321	40	778	572	367	396	1037	857	734	561	370	567	720	362  208 p944569.php
2020-06-15  167	7368	47	778	572	368	400	1062	863	735	564	370	567	721	369  208 p945284.php
2020-06-16  168	7401	33	778	573	369	404	1078	864	736	568	371	568	722	370  209 p946222.php
2020-06-17  169	7474	73	788	573	374	411	1084	883	746	572	379	568	722	374  210 p946972.php
2020-06-18  170	7602	128	790	600	377	416	1084	922	747	581	388	571	743	383  211 p947838.php
2020-06-19  171	7732	130	802	613	383	423	1128	935	753	599	392	572	745	386  211 p948372.php
2020-06-20  172	7803	71	819	613	383	425	1133	946	754	601	414	575	754	386  211 p948402.php
2020-06-21  173	7832	29	821	613	383	444	1133	946	754	607	416	575	754	386  211
2020-06-22  174	7915	83	821	643	390	444	1142	957	756	610	422	577	764	389  211
2020-06-23  175	7974	59	827	651	398	447	1144	961	760	623	425	581	764	393  211
2020-06-24  176	8020	46	828	651	399	451	1150	970	765	627	427	581	775	396  212
2020-06-25  177	8095	75	834	657	408	452	1164	982	769	632	430	582	787	398  212 p951449.php
2020-06-26  178	8144	49	836	659	410	455	1174	995	770	635	438	584	788	400  213 p952232.php
2020-06-27  179	8167	23	840	660	410	457	1176	999	771	635	440	588	791	400  213
2020-06-28  180	8175	8	840	662	410	457	1176	999	771	636	445	588	791	400  213
2020-06-29  181	8219	44	842	666	419	458	1188	1011	774	636	445	588	791	401  214
2020-06-30  182	8242	23	845	669	421	458	1193	1013	776	638	445	589	794	401  214
2020-07-01  183	  8301	59	847	671	424	464	1202	1024	781	654	447	591	795	401 214	presse954637.php
2020-07-02  184	  8344	43	851	681	427	468	1202	1031	784	660	450	591	798	401 214	presse955342.php
2020-07-03  185	  8392	48	852	688	433	470	1213	1037	785	660	452	593	803	406 214 presse956073.php
2020-07-04  186	  8433	41	856	691	439	472	1221	1040	787	662	454	594	811	406 215 presse956085.php
2020-07-05  187	8450	17	856	692	439	472	1234	1040	787	662	454	594	814	406	215
2020-07-06  188	8461	11	856	692	443	475	1234	1040	788	663	456	594	814	406	215
2020-07-07  189	8501	40	858	692	444	477	1250	1044	794	663	458	597	818	406	215
2020-07-08  190	8536	35	860	697	454	480	1251	1049	796	664	459	599	821	406     216
2020-07-09  191	8585	49	861	700	469	488	1261	1053	798	667	460	601	821	406	216
2020-07-10  192	8616	31	863	704	469	494	1263	1058	799	668	464	603	823	408	216
2020-07-11  193	8636	20	865	705	470	494	1267	1064	799	672	465	603	824	408     217
2020-07-12  194	8637	1	865	705	470	494	1267	1064	779	672	465	604	824	408	217
2020-07-13  195	8655	18	866	705	475	494	1273	1064	803	672	465	604	826	408	219 pressemitteilung.959993.php
2020-07-14  196	8673	18	866	706	483	495	1276	1063	805	674	465	606	826	408	220 pressemitteilung.960490.php
2020-07-15  197	8698	25	868	706	491	495	1280	1063	806	675	465	609	831	409	221 pressemitteilung.961037.php
2020-07-16  198	8724	26	872	707	493	496	1280	1072	806	676	465	611	837	409	221 pressemitteilung.961471.php

# Notes:
#  (1) Date of Pressemitteilung. Until 15.03.2020, numbers reported
#      were generally for the *previous* day.
#  (2) Recovered ("genesen") numbers started around 2020-03-28.
#  (3) Why is there -2 for Spandau on 2020-04-13?
#  (4) "Technische Umstellungen in der Meldesoftware" on 22.04.20
#  (5) Corona-Ampel threshold for Berlin is 20 / 100000/ Woche (Gelb)
#      i.e. 754 / Week and 30 for Rot. See https://www.berlin.de/corona/faq
#      And 4.7% of ICU beds = 60 ==> 1200 COVID-19 ICU places.
#      Gelb at 15% ==> 180.
#  (6) Subject is generally "Coronavirus: Derzeit XXXX bestätigte Fälle in Berlin"
